1          ;07 Dec 2013, 24:00;901.56        ;56.000              
2          ;08 Dec 2013, 24:00;901.54        ;56.000              
3          ;09 Dec 2013, 24:00;901.54        ;54.000              
4          ;10 Dec 2013, 24:00;901.51        ;55.000              
5          ;11 Dec 2013, 24:00;901.51        ;54.000              
6          ;12 Dec 2013, 24:00;901.50        ;54.000              
7          ;13 Dec 2013, 24:00;901.49        ;54.000              
8          ;14 Dec 2013, 24:00;901.50        ;54.000              
9          ;15 Dec 2013, 24:00;901.48        ;54.000              
10         ;16 Dec 2013, 24:00;901.48        ;54.000              
11         ;17 Dec 2013, 24:00;901.47        ;54.000              
12         ;18 Dec 2013, 24:00;901.46        ;54.000              
13         ;19 Dec 2013, 24:00;901.47        ;54.000              
14         ;20 Dec 2013, 24:00;901.47        ;54.000              
15         ;21 Dec 2013, 24:00;901.50        ;54.000              
16         ;22 Dec 2013, 24:00;901.49        ;54.000              
17         ;23 Dec 2013, 24:00;901.48        ;54.000              
18         ;24 Dec 2013, 24:00;901.46        ;54.000              
19         ;25 Dec 2013, 24:00;901.46        ;63.000              
20         ;26 Dec 2013, 24:00;901.45        ;63.000              
21         ;27 Dec 2013, 24:00;901.45        ;63.000              
22         ;28 Dec 2013, 24:00;901.45        ;63.000              
23         ;29 Dec 2013, 24:00;901.45        ;64.000              
24         ;30 Dec 2013, 24:00;901.43        ;57.000              
25         ;31 Dec 2013, 24:00;901.42        ;57.000              
26         ;01 Jan 2014, 24:00;901.42        ;53.000              
27         ;02 Jan 2014, 24:00;901.40        ;53.000              
28         ;03 Jan 2014, 24:00;901.38        ;57.000              
29         ;04 Jan 2014, 24:00;901.38        ;57.000              
30         ;05 Jan 2014, 24:00;901.36        ;58.000              
31         ;06 Jan 2014, 24:00;901.34        ;58.000              
32         ;07 Jan 2014, 24:00;901.31        ;58.000              
33         ;08 Jan 2014, 24:00;901.31        ;58.000              
34         ;09 Jan 2014, 24:00;901.31        ;58.000              
35         ;10 Jan 2014, 24:00;901.33        ;58.000              
36         ;11 Jan 2014, 24:00;901.31        ;56.000              
37         ;12 Jan 2014, 24:00;901.31        ;58.000              
38         ;13 Jan 2014, 24:00;901.31        ;53.000              
39         ;14 Jan 2014, 24:00;901.29        ;54.000              
40         ;15 Jan 2014, 24:00;901.28        ;49.000              
41         ;16 Jan 2014, 24:00;901.28        ;46.000              
42         ;17 Jan 2014, 24:00;901.26        ;46.000              
43         ;18 Jan 2014, 24:00;901.25        ;53.000              
44         ;19 Jan 2014, 24:00;901.25        ;53.000              
45         ;20 Jan 2014, 24:00;901.24        ;53.000              
46         ;21 Jan 2014, 24:00;901.22        ;53.000              
47         ;22 Jan 2014, 24:00;901.21        ;53.000              
48         ;23 Jan 2014, 24:00;901.21        ;53.000              
49         ;24 Jan 2014, 24:00;901.19        ;53.000              
50         ;25 Jan 2014, 24:00;901.18        ;54.000              
51         ;26 Jan 2014, 24:00;901.17        ;53.000              
52         ;27 Jan 2014, 24:00;901.16        ;53.000              
53         ;28 Jan 2014, 24:00;901.14        ;53.000              
54         ;29 Jan 2014, 24:00;901.12        ;53.000              
55         ;30 Jan 2014, 24:00;901.11        ;53.000              
56         ;31 Jan 2014, 24:00;901.10        ;53.000              
57         ;01 Feb 2014, 24:00;901.10        ;54.000              
58         ;02 Feb 2014, 24:00;901.11        ;53.000              
59         ;03 Feb 2014, 24:00;901.10        ;54.000              
60         ;04 Feb 2014, 24:00;901.10        ;53.000              
61         ;05 Feb 2014, 24:00;901.07        ;53.000              
62         ;06 Feb 2014, 24:00;901.07        ;53.000              
63         ;07 Feb 2014, 24:00;901.04        ;53.000              
64         ;08 Feb 2014, 24:00;901.04        ;53.000              
65         ;09 Feb 2014, 24:00;901.03        ;53.000              
66         ;10 Feb 2014, 24:00;901.03        ;53.000              
67         ;11 Feb 2014, 24:00;901.02        ;53.000              
68         ;12 Feb 2014, 24:00;901.01        ;49.000              
69         ;13 Feb 2014, 24:00;900.99        ;50.000              
70         ;14 Feb 2014, 24:00;900.97        ;50.000              
71         ;15 Feb 2014, 24:00;900.97        ;50.000              
72         ;16 Feb 2014, 24:00;900.97        ;50.000              
73         ;17 Feb 2014, 24:00;900.96        ;50.000              
74         ;18 Feb 2014, 24:00;900.96        ;50.000              
75         ;19 Feb 2014, 24:00;900.96        ;51.000              
76         ;20 Feb 2014, 24:00;900.96        ;50.000              
77         ;21 Feb 2014, 24:00;900.95        ;51.000              
78         ;22 Feb 2014, 24:00;900.93        ;50.000              
79         ;23 Feb 2014, 24:00;900.93        ;50.000              
80         ;24 Feb 2014, 24:00;900.91        ;50.000              
81         ;25 Feb 2014, 24:00;900.91        ;51.000              
82         ;26 Feb 2014, 24:00;900.93        ;51.000              
83         ;27 Feb 2014, 24:00;900.90        ;50.000              
84         ;28 Feb 2014, 24:00;900.89        ;50.000              
85         ;01 Mar 2014, 24:00;900.88        ;51.000              
86         ;02 Mar 2014, 24:00;900.91        ;50.000              
87         ;03 Mar 2014, 24:00;900.86        ;51.000              
88         ;04 Mar 2014, 24:00;900.86        ;51.000              
89         ;05 Mar 2014, 24:00;900.84        ;50.000              
90         ;06 Mar 2014, 24:00;900.84        ;50.000              
91         ;07 Mar 2014, 24:00;900.81        ;51.000              
92         ;08 Mar 2014, 24:00;900.84        ;51.000              
93         ;09 Mar 2014, 24:00;900.83        ;51.000              
94         ;10 Mar 2014, 24:00;900.83        ;51.000              
95         ;11 Mar 2014, 24:00;900.83        ;50.000              
96         ;12 Mar 2014, 24:00;900.81        ;50.000              
97         ;13 Mar 2014, 24:00;900.79        ;50.000              
98         ;14 Mar 2014, 24:00;900.79        ;51.000              
99         ;15 Mar 2014, 24:00;900.79        ;51.000              
100        ;16 Mar 2014, 24:00;900.77        ;50.000              
101        ;17 Mar 2014, 24:00;900.74        ;50.000              
102        ;18 Mar 2014, 24:00;900.73        ;50.000              
103        ;19 Mar 2014, 24:00;900.72        ;50.000              
104        ;20 Mar 2014, 24:00;900.70        ;50.000              
105        ;21 Mar 2014, 24:00;900.69        ;50.000              
106        ;22 Mar 2014, 24:00;900.69        ;50.000              
107        ;23 Mar 2014, 24:00;900.67        ;50.000              
108        ;24 Mar 2014, 24:00;900.69        ;50.000              
109        ;25 Mar 2014, 24:00;900.63        ;50.000              
110        ;26 Mar 2014, 24:00;900.60        ;50.000              
111        ;27 Mar 2014, 24:00;900.60        ;50.000              
112        ;28 Mar 2014, 24:00;900.60        ;52.000              
113        ;29 Mar 2014, 24:00;900.59        ;52.000              
114        ;30 Mar 2014, 24:00;900.55        ;52.000              
115        ;31 Mar 2014, 24:00;900.55        ;52.000              
116        ;01 Apr 2014, 24:00;900.55        ;52.000              
117        ;02 Apr 2014, 24:00;900.54        ;52.000              
118        ;03 Apr 2014, 24:00;900.53        ;52.000              
119        ;04 Apr 2014, 24:00;900.52        ;52.000              
120        ;05 Apr 2014, 24:00;900.48        ;52.000              
121        ;06 Apr 2014, 24:00;              ;52.000              
